Results for all runs:
log10(N) log10(maxerror) Time general(s) Time special(s)     Time LU (s)
       1          -1.359       2.000E-06           0.000       0.0001020
       2          -3.262       1.100E-05       4.000E-06        0.001175
       3          -5.254       6.100E-05       3.800E-05          0.2160
       4          -7.253       0.0002530       0.0001330           0.000
       5          -9.044        0.002430        0.001344           0.000
       6          -6.351         0.02379         0.01340           0.000
       7          -6.199          0.2522          0.1378           0.000
       8          -2.334           4.281           4.913           0.000
