 RESULTS:
     -1.0000000     -1.3435028     -2.7324069
     -2.0000000     -2.3274946     -4.7885575
     -3.0000000     -3.3658524     -3.9756441
     -4.0000000     -3.3658524     -3.3340478
     -5.0000000     -2.8672714     -2.8672714
     -6.0000000    -0.97497761     -1.7818871
     -7.0000000      0.0000000    -0.97497761
     -8.0000000      0.0000000      0.0000000
     -9.0000000      0.0000000      0.0000000
     -10.000000      0.0000000      0.0000000
     -11.000000      0.0000000      0.0000000
     -12.000000      0.0000000      0.0000000
     -13.000000      0.0000000      0.0000000
     -14.000000      0.0000000      0.0000000
     -15.000000      0.0000000      0.0000000
