 RESULTS:
     -1.0000000     -1.3435123     -2.7323378
     -2.0000000     -2.3283108     -4.7323931
     -3.0000000     -3.3267768     -6.7323940
     -4.0000000     -4.3266233     -8.7323587
     -5.0000000     -5.3266084     -10.661556
     -6.0000000     -6.3265636     -9.7921310
     -7.0000000     -7.3520377     -8.6635243
     -8.0000000     -7.8391338     -7.8391338
     -9.0000000     -6.6602238     -7.2829115
     -10.000000     -6.3492361     -6.3492361
     -11.000000     -6.3492361     -6.3492361
     -12.000000     -3.7002910     -3.7002910
     -13.000000     -3.0970145     -3.0970145
     -14.000000     -3.0970145     -3.0970145
     -15.000000     -3.0970145     -3.0970145
