python Project4_MPI.py 
1  0
Time = 2.152 on number of processors: 1
1  0
Time = 2.00513 on number of processors: 1
2.4  0
Time = 2.14969 on number of processors: 1
2.15  9
2.15  10
2.15  5
2.15  4
2.15  1
2.15  6
2.15  8
2.15  0
2.15  7
2.15  11
2.15  2
2.15  3
2.2  9
2.2  6
2.2  4
2.2  1
2.2  7
2.2  10
2.2  2
2.2  8
2.2  0
2.2  5
2.2  11
2.2  3
2.25  9
2.25  1
2.25  6
2.25  7
2.25  5
2.25  4
2.25  10
2.25  11
2.25  3
2.25  8
2.25  2
2.25  0
2.3  9
2.3  6
2.3  1
2.3  7
2.3  4
2.3  10
2.3  5
2.3  3
2.3  2
2.3  8
2.3  11
2.3  0
2.35  6
2.35  9
2.35  1
2.35  5
2.35  7
2.35  4
2.35  2
2.35  10
2.35  3
2.35  0
2.35  11
2.35  8
2.4  9
2.4  6
2.4  4
2.4  1
2.4  5
2.4  7
2.4  3
2.4  11
2.4  0
2.4  2
2.4  10
2.4  8
Time = 398.118 on number of processors: 12
2.15  10
2.15  3
2.15  9
2.15  5
2.15  0
2.15  11
2.15  8
2.15  6
2.15  4
2.15  7
2.15  1
2.15  2
2.2  4
2.2  5
2.2  10
2.2  3
2.2  9
2.2  11
2.2  8
2.2  7
2.2  2
2.2  0
2.2  6
2.2  1
2.25  5
2.25  3
2.25  10
2.25  9
2.25  7
2.25  2
2.25  11
2.25  8
2.25  6
2.25  4
2.25  0
2.25  1
2.3  5
2.3  10
2.3  2
2.3  9
2.3  3
2.3  11
2.3  7
2.3  6
2.3  8
2.3  4
2.3  0
2.3  1
2.35  3
2.35  2
2.35  5
2.35  7
2.35  11
2.35  10
2.35  9
2.35  4
2.35  6
2.35  8
2.35  0
2.35  1
2.4  2
2.4  5
2.4  7
2.4  3
2.4  9
2.4  4
2.4  10
2.4  8
2.4  6
2.4  11
2.4  0
2.4  1
Time = 909.679 on number of processors: 12
2.15  8
2.15  2
2.15  4
2.15  3
2.15  11
2.15  5
2.15  9
2.15  1
2.15  10
2.15  6
2.15  0
2.15  7
2.2  11
2.2  2
2.2  3
2.2  1
2.2  9
2.2  7
2.2  10
2.2  8
2.2  4
2.2  0
2.2  5
2.2  6
2.25  11
2.25  2
2.25  1
2.25  7
2.25  9
2.25  3
2.25  5
2.25  10
2.25  8
2.25  0
2.25  4
2.25  6
2.3  11
2.3  9
2.3  2
2.3  7
2.3  3
2.3  1
2.3  5
2.3  10
2.3  0
2.3  8
2.3  4
2.3  6
2.35  11
2.35  10
2.35  9
2.35  5
2.35  2
2.35  3
2.35  1
2.35  7
2.35  8
2.35  4
2.35  0
2.35  6
2.4  11
2.4  3
2.4  10
2.4  5
2.4  9
2.4  2
2.4  7
2.4  1
2.4  4
2.4  8
2.4  0
2.4  6
Time = 2738.17 on number of processors: 12
2.15  3
2.15  11
2.15  2
2.15  9
2.15  10
2.15  0
2.15  8
2.15  5
2.15  1
2.15  7
2.15  6
2.15  4
2.2  11
2.2  2
2.2  3
2.2  8
2.2  9
2.2  10
2.2  5
2.2  1
2.2  7
2.2  6
2.2  0
2.2  4
2.25  11
2.25  2
2.25  10
2.25  3
2.25  8
2.25  9
2.25  5
2.25  1
2.25  7
2.25  6
2.25  0
2.25  4
2.3  11
2.3  10
2.3  2
2.3  8
2.3  3
2.3  9
2.3  5
2.3  1
2.3  7
2.3  6
2.3  0
2.3  4
2.35  11
2.35  2
2.35  10
2.35  9
2.35  8
2.35  5
2.35  3
2.35  1
2.35  7
2.35  6
2.35  0
2.35  4
2.4  11
2.4  10
2.4  9
2.4  2
2.4  8
2.4  3
2.4  5
2.4  1
2.4  7
2.4  6
2.4  0
2.4  4
Time = 5563.45 on number of processors: 12
[1]+  Done                    emacs Project4_MPI.py

