DATE:14/10/2016,TIME:0:00
#	X			Y			Z			VX			VY			VZ			M
1	3.567569132518468E-03	3.402725585472963E-03	-1.598401244830082E-04	-1.987631356370456E-06	6.841214093898640E-06	4.056157697884202E-08	1
2	-3.448088926082000E-01  1.060250803722253E-01  	4.018631514146201E-02	-1.377317016029842E-02 	-2.577724446766713E-02 	-8.434331741010699E-04	1.66012E-7	
3	1.814959969646973E-01 	-7.018747180931129E-01 	-2.009798680125879E-02	1.947420769434422E-02  	4.885314858116717E-03 	-1.056966494215987E-03	2.44781E-6
4	9.356619245372438E-01  	3.583403516829250E-01 	-1.773262707105873E-04	-6.405361360564236E-03  1.601367683562308E-02  	1.363153389446707E-07	3.003467E-6
5	1.153835515595857E+00 	-7.631393683685221E-01 	-4.445323059570280E-02	8.290101223222136E-03  	1.285064506000931E-02  	6.568487018774290E-05	3.22713E-7
6	-5.429091121847574E+00 	-4.464121857033960E-01  1.232706724471818E-01	5.310921442239308E-04 	-7.163232763813381E-03  1.792277878205211E-05	9.5458E-4
7	-2.272178928493247E+00 	-9.773535746042706E+00  2.603649145748581E-01	5.127458852019526E-03 	-1.281135103943108E-03 	-1.815744049938347E-04	2.85812E-4
8	1.846474430744711E+01  	7.557968549777230E+00 	-2.111440417889109E-01	-1.518690330813693E-03  3.456622065519562E-03  	3.238173155986076E-05	4.36576E-5
9	2.825991344979922E+01 	-9.925274968694582E+00 	-4.468864440491235E-01	1.018892127682802E-03  	2.980370221614675E-03 	-8.457448803019877E-05	5.15028E-5
10	9.420766235048019E+00 	-3.181847836470213E+01  6.797405414511198E-01	3.082778705023476E-03  	2.516987371233560E-04 	-9.111893058927559E-04	6.583E-9
